File               DER    JER    B3-Precision    B3-Recall    B3-F1    GKT(ref, sys)    GKT(sys, ref)    H(ref|sys)    H(sys|ref)    MI    NMI
---------------  -----  -----  --------------  -----------  -------  ---------------  ---------------  ------------  ------------  ----  -----
S02_U01          79.38  81.84            0.11         0.37     0.17             0.08             0.03          3.55          1.71  0.24   0.09
S02_U02          79.84  81.02            0.11         0.35     0.17             0.08             0.03          3.52          1.84  0.27   0.10
S02_U03          76.36  77.90            0.12         0.34     0.18             0.12             0.04          3.42          2.01  0.37   0.12
S02_U04          73.78  74.92            0.12         0.35     0.18             0.12             0.04          3.42          1.86  0.36   0.12
S02_U05          79.69  80.07            0.12         0.31     0.17             0.08             0.04          3.47          2.15  0.31   0.10
S02_U06          75.97  77.27            0.12         0.33     0.17             0.10             0.04          3.46          1.92  0.32   0.11
S03_U01          83.44  85.37            0.25         0.46     0.33             0.17             0.10          2.62          1.76  0.33   0.13
S03_U02          82.97  84.35            0.24         0.49     0.32             0.15             0.08          2.66          1.56  0.29   0.12
S03_U03          84.03  84.30            0.26         0.44     0.32             0.16             0.10          2.60          1.87  0.34   0.13
S03_U04          84.58  86.72            0.24         0.50     0.33             0.17             0.08          2.65          1.53  0.29   0.13
S03_U05          81.22  83.77            0.25         0.49     0.33             0.18             0.09          2.62          1.55  0.32   0.14
S03_U06          85.27  85.05            0.25         0.47     0.33             0.14             0.09          2.62          1.80  0.33   0.13
S04_U01          90.13  90.00            0.15         0.53     0.23             0.07             0.02          3.27          1.31  0.11   0.05
S04_U02          86.59  87.73            0.16         0.45     0.24             0.10             0.04          3.21          1.51  0.16   0.07
S04_U03          90.73  89.97            0.15         0.53     0.23             0.06             0.02          3.27          1.35  0.11   0.05
S04_U04          88.92  89.70            0.16         0.51     0.24             0.10             0.03          3.23          1.33  0.14   0.06
S04_U05          86.32  89.36            0.17         0.50     0.26             0.15             0.05          3.17          1.35  0.20   0.09
S04_U06          86.32  87.76            0.17         0.45     0.25             0.12             0.05          3.17          1.51  0.20   0.08
S05_U01          82.87  85.53            0.18         0.48     0.26             0.13             0.04          2.99          1.38  0.22   0.10
S05_U02          85.31  87.19            0.17         0.51     0.26             0.11             0.04          3.01          1.30  0.20   0.09
S05_U04          86.13  84.97            0.19         0.40     0.26             0.09             0.05          2.96          1.95  0.23   0.09
S05_U05          82.60  85.46            0.18         0.45     0.26             0.12             0.05          3.00          1.46  0.21   0.09
S05_U06          78.26  80.31            0.20         0.43     0.27             0.13             0.07          2.94          1.58  0.28   0.11
S06_U01          84.36  86.10            0.16         0.51     0.25             0.08             0.03          3.04          1.33  0.18   0.08
S06_U02          72.67  75.64            0.22         0.39     0.28             0.15             0.10          2.81          1.65  0.41   0.16
S06_U03          83.25  85.56            0.16         0.49     0.25             0.10             0.04          3.05          1.31  0.17   0.08
S06_U04          85.44  85.12            0.19         0.39     0.26             0.10             0.07          2.91          1.94  0.31   0.12
S06_U05          84.01  87.83            0.16         0.48     0.24             0.10             0.03          3.04          1.36  0.18   0.08
S06_U06          89.00  90.40            0.15         0.58     0.24             0.07             0.02          3.11          1.16  0.11   0.05
S07_U01          93.62  93.68            0.15         0.66     0.24             0.03             0.01          3.05          0.92  0.03   0.02
S07_U02          94.38  94.44            0.15         0.68     0.24             0.03             0.00          3.05          0.82  0.03   0.02
S07_U03          87.57  88.36            0.17         0.50     0.26             0.06             0.03          2.94          1.39  0.14   0.07
S07_U04          88.80  88.85            0.17         0.51     0.26             0.05             0.03          2.96          1.47  0.13   0.06
S07_U05          89.96  90.08            0.17         0.53     0.26             0.05             0.03          2.94          1.43  0.14   0.06
S07_U06          86.06  88.07            0.17         0.51     0.26             0.07             0.03          2.94          1.29  0.15   0.07
S08_U01          91.99  91.98            0.10         0.55     0.17             0.03             0.01          3.61          1.39  0.07   0.03
S08_U02          86.62  86.30            0.12         0.37     0.18             0.07             0.03          3.45          2.01  0.23   0.08
S08_U03          90.37  89.82            0.12         0.45     0.19             0.05             0.03          3.50          1.85  0.18   0.07
S08_U04          84.11  84.34            0.12         0.42     0.19             0.07             0.03          3.47          1.71  0.21   0.08
S08_U05          90.26  90.00            0.12         0.48     0.19             0.04             0.03          3.54          1.63  0.15   0.06
S08_U06          91.53  91.68            0.10         0.53     0.17             0.03             0.01          3.62          1.44  0.07   0.03
S09_U01          85.43  86.63            0.14         0.47     0.22             0.09             0.03          3.36          1.53  0.15   0.06
S09_U02          86.46  89.50            0.14         0.50     0.22             0.11             0.03          3.37          1.23  0.14   0.06
S09_U03          85.24  88.86            0.14         0.48     0.22             0.12             0.03          3.35          1.31  0.16   0.07
S09_U04          82.69  84.20            0.15         0.44     0.23             0.11             0.04          3.30          1.61  0.21   0.08
S09_U06          86.00  87.45            0.15         0.46     0.22             0.10             0.04          3.33          1.62  0.18   0.07
S12_U01          79.20  78.99            0.36         0.54     0.43             0.19             0.15          2.16          1.37  0.39   0.19
S12_U02          81.00  80.81            0.34         0.55     0.42             0.17             0.13          2.21          1.32  0.34   0.17
S12_U03          86.96  85.70            0.31         0.60     0.41             0.12             0.09          2.30          1.22  0.24   0.13
S12_U04          74.80  75.34            0.38         0.54     0.44             0.22             0.18          2.09          1.38  0.46   0.21
S12_U05          72.40  74.80            0.33         0.51     0.40             0.21             0.16          2.24          1.38  0.43   0.20
S12_U06          73.35  74.80            0.39         0.54     0.45             0.23             0.19          2.07          1.37  0.48   0.22
S13_U01          78.48  83.16            0.32         0.55     0.41             0.21             0.14          2.27          1.17  0.37   0.18
S13_U02          80.40  82.03            0.33         0.53     0.41             0.18             0.14          2.25          1.38  0.39   0.18
S13_U03          72.79  76.73            0.34         0.54     0.42             0.23             0.16          2.20          1.31  0.43   0.20
S13_U04          80.52  80.84            0.34         0.51     0.41             0.19             0.16          2.20          1.54  0.43   0.19
S13_U05          82.17  85.90            0.30         0.59     0.39             0.17             0.10          2.36          1.11  0.27   0.14
S13_U06          80.52  84.58            0.30         0.60     0.40             0.18             0.10          2.34          1.05  0.30   0.16
S16_U01          92.12  92.32            0.15         0.70     0.25             0.06             0.01          3.09          0.88  0.08   0.05
S16_U02          89.89  90.18            0.16         0.60     0.26             0.07             0.03          3.03          1.22  0.15   0.07
S16_U03          92.12  92.18            0.15         0.70     0.25             0.06             0.01          3.10          0.93  0.08   0.05
S16_U04          87.99  88.37            0.17         0.58     0.26             0.08             0.03          3.00          1.26  0.17   0.08
S16_U05          81.17  81.35            0.21         0.48     0.29             0.12             0.08          2.85          1.56  0.33   0.13
S16_U06          85.70  85.26            0.20         0.53     0.29             0.10             0.07          2.86          1.49  0.32   0.13
S17_U01          80.27  81.63            0.16         0.42     0.23             0.11             0.05          3.22          1.70  0.27   0.10
S17_U02          81.09  82.59            0.16         0.42     0.23             0.11             0.05          3.22          1.72  0.27   0.10
S17_U03          78.72  80.84            0.16         0.41     0.23             0.12             0.06          3.20          1.71  0.29   0.11
S17_U04          80.56  82.03            0.16         0.40     0.23             0.11             0.05          3.20          1.75  0.28   0.11
S17_U05          82.63  83.69            0.15         0.41     0.22             0.09             0.04          3.26          1.77  0.23   0.09
S17_U06          82.51  83.60            0.16         0.39     0.22             0.10             0.05          3.23          1.98  0.26   0.09
S18_U01          84.01  86.20            0.16         0.39     0.22             0.05             0.03          3.14          1.70  0.14   0.06
S18_U02          88.54  89.74            0.15         0.44     0.22             0.03             0.02          3.19          1.68  0.09   0.04
S18_U03          82.59  85.39            0.16         0.38     0.22             0.06             0.03          3.13          1.74  0.14   0.06
S18_U04          83.90  86.74            0.16         0.35     0.22             0.06             0.03          3.11          1.97  0.16   0.06
S18_U05          83.78  86.42            0.15         0.38     0.22             0.05             0.02          3.14          1.75  0.14   0.05
S18_U06          86.65  87.88            0.15         0.38     0.21             0.04             0.02          3.16          1.90  0.12   0.05
S19_U01          82.99  87.93            0.17         0.55     0.26             0.14             0.03          3.01          1.11  0.19   0.09
S19_U02          87.33  89.15            0.17         0.53     0.26             0.11             0.04          2.99          1.31  0.20   0.09
S19_U03          83.33  88.09            0.17         0.52     0.26             0.13             0.03          3.01          1.22  0.19   0.09
S19_U04          83.43  87.85            0.17         0.56     0.26             0.15             0.03          3.00          1.09  0.20   0.10
S19_U05          81.89  87.52            0.17         0.53     0.26             0.14             0.04          3.00          1.18  0.19   0.09
S19_U06          81.90  86.24            0.18         0.47     0.26             0.13             0.04          2.97          1.41  0.22   0.10
S20_U01          89.33  90.20            0.12         0.52     0.19             0.06             0.02          3.48          1.36  0.11   0.05
S20_U02          87.07  87.87            0.12         0.48     0.19             0.07             0.02          3.45          1.49  0.15   0.06
S20_U03          83.91  86.49            0.12         0.49     0.20             0.10             0.03          3.42          1.35  0.18   0.08
S20_U04          87.79  89.00            0.13         0.46     0.20             0.10             0.03          3.38          1.59  0.21   0.08
S20_U05          86.31  87.87            0.12         0.44     0.19             0.09             0.03          3.41          1.59  0.18   0.07
S20_U06          86.13  88.68            0.12         0.51     0.19             0.09             0.02          3.45          1.25  0.14   0.06
S22_U01          90.23  91.40            0.11         0.62     0.19             0.05             0.01          3.53          1.06  0.09   0.04
S22_U02          91.67  92.67            0.11         0.65     0.19             0.04             0.01          3.55          1.00  0.07   0.03
S22_U04          91.51  92.70            0.11         0.63     0.19             0.05             0.01          3.54          1.01  0.08   0.04
S22_U05          91.49  91.76            0.11         0.64     0.19             0.04             0.01          3.53          1.11  0.08   0.04
S22_U06          89.20  89.71            0.11         0.55     0.19             0.05             0.01          3.51          1.34  0.10   0.04
S23_U01          74.30  79.41            0.20         0.48     0.28             0.22             0.08          2.94          1.52  0.41   0.16
S23_U02          77.50  81.65            0.18         0.51     0.27             0.19             0.06          3.01          1.37  0.33   0.14
S23_U03          78.09  81.26            0.18         0.48     0.26             0.18             0.06          3.01          1.45  0.34   0.14
S23_U04          76.76  80.71            0.19         0.48     0.27             0.19             0.07          2.96          1.52  0.38   0.15
S23_U05          79.14  82.66            0.17         0.49     0.26             0.15             0.05          3.05          1.44  0.29   0.12
S23_U06          73.14  78.39            0.20         0.48     0.28             0.22             0.08          2.95          1.47  0.40   0.16
S24_U01          82.84  84.80            0.22         0.54     0.31             0.15             0.06          2.77          1.23  0.26   0.12
S24_U02          80.51  83.16            0.22         0.53     0.31             0.16             0.07          2.75          1.25  0.28   0.13
S24_U03          81.80  83.65            0.22         0.52     0.31             0.14             0.06          2.78          1.34  0.26   0.12
S24_U04          81.48  83.92            0.22         0.52     0.31             0.15             0.07          2.76          1.28  0.28   0.13
S24_U05          80.07  83.50            0.23         0.54     0.32             0.17             0.07          2.74          1.23  0.29   0.14
S24_U06          80.92  83.60            0.23         0.52     0.31             0.16             0.07          2.74          1.27  0.29   0.14
*** OVERALL ***  83.99  85.50            0.18         0.49     0.27             0.49             0.18          3.03          1.46  6.94   0.76
